250
5
83
13
45
20
60
63
61
55
42
40
30
74
18
99
96
34
42
2
4
3
77
36
20
22
9
90
35
1
30
26
52
64
36
20
22
91
72
98
36
25
51
92
85
82
88
97
17
11
79
84
85
32
94
98
36
9
35
49
83
100
9
5
22
92
55
78
100
20
86
99
86
1
23
28
75
95
88
86
38
60
86
18
54
32
38
78
70
13
67
84
91
54
88
60
76
96
2
37
51
10
61
92
35
37
83
65
19
91
85
83
27
91
44
22
67
57
34
34
73
12
51
58
78
83
86
86
62
91
38
9
57
52
61
50
23
16
93
21
11
90
83
36
19
71
18
23
77
96
6
94
19
84
56
89
65
90
47
82
40
71
94
47
54
83
13
100
78
95
7
2
57
42
39
18
9
86
60
60
96
36
95
52
81
6
41
90
5
12
47
81
59
62
94
64
50
13
35
98
40
99
58
29
89
38
67
44
100
81
81
7
58
93
99
81
41
27
19
89
5
34
5
70
25
51
26
15
86
29
61
70
14
27
87
2
5
49
99
96
34
85
49
51
20
51
43
78
25
23
33
72
